Date,marketcap(log),pricetoearnings,pricetobook,adj_volume(log),close_price,percent_change(class)
20141103,11.28778663457669,15.2379,1.9632,6.1887423578326315,563.77,0
20141104,11.288110056844909,15.2492,1.9647,6.141922692981786,564.19,1
20141105,11.281720407187636,15.0265,1.936,6.216235595017925,555.95,0
20141106,11.278379784575446,14.9114,1.9211,6.2176736762914935,551.69,0
20141107,11.278482109489417,14.9149,1.9216,6.201159699744885,551.82,1
20141110,11.283497844946165,15.0881,1.9439,6.115437757905194,558.23,1
20141111,11.285871977474656,15.1708,1.9546,6.041463350965355,561.29,1
20141112,11.283513404364406,15.0887,1.944,6.039062575188956,558.25,0
20141113,11.28210301456436,15.0397,1.9377,6.179261302686682,556.44,0
20141114,11.28112630769033,15.006,1.9333,6.153833150043019,555.19,0
20141117,11.27438608033556,14.7749,1.9035,6.225469785916208,546.64,0
20141118,11.272690532663026,14.7173,1.8961,6.260587938828007,544.51,0
20141119,11.27483076133299,14.79,1.9055,6.181067450605325,547.2,1
20141120,11.272091929535135,14.697,1.8935,6.2432261195112,543.76,0
20141121,11.27378981128557,14.7546,1.9009,6.398978987030732,545.89,1
20141124,11.275052931204705,14.7976,1.9065,6.218475897227983,547.48,1
20141125,11.276438923834265,14.8449,1.9126,6.279573186537991,549.23,1
20141126,11.275251201166379,14.8043,1.9073,6.1703479788391284,547.73,0
20141128,11.276320297630933,14.8408,1.912,6.082807263949215,549.08,1
20141201,11.268796854017573,14.5859,1.8792,6.299812047738702,539.65,0
20141202,11.26794295822606,14.5573,1.8755,6.316803307632913,538.59,0
20141203,11.266634695381185,14.5135,1.8699,6.210579874139259,536.97,0
20141204,11.271148453845768,14.6651,1.8894,6.213169119016261,542.58,1
20141205,11.259384392364458,14.2732,1.8389,6.487155067908462,528.08,0
20141208,11.261558309838062,14.3448,1.8481,6.509446895474677,530.73,1
20141209,11.265938580768294,14.4903,1.8669,6.336222107768364,536.11,1
20141210,11.259351495005665,14.2721,1.8388,6.364776807288835,528.04,0
20141211,11.262686093364879,14.3821,1.8529,6.316660052981984,532.11,1
20141212,11.253947313098111,14.0956,1.816,6.375031003537087,521.51,0
20141215,11.249199688409908,13.9424,1.7963,6.418628877736638,515.84,0
20141216,11.234053525334273,13.4645,1.7347,6.6384774759330405,498.16,0
20141217,11.241221248090243,13.6886,1.7636,6.561034205983036,506.45,1
20141218,11.248171333082224,13.9094,1.792,6.588465779097452,514.62,1
20141219,11.25272142223874,14.0559,1.8109,6.687712538906281,520.04,1
20141222,11.262841138793686,14.3873,1.8536,6.521067570532482,532.3,1
20141223,11.268088077791424,14.5622,1.8761,6.458973372371858,538.77,1
20141224,11.266602342686737,14.5124,1.8697,5.867966904424335,536.93,0
20141226,11.270299173710132,14.6365,1.8857,6.0466761801899125,541.52,1
20141229,11.266909596019337,14.5227,1.8711,6.34608527265871,537.31,0
20141230,11.265265689492304,14.4678,1.864,6.0206226923343475,535.28,0
20141231,11.253900057189599,12.6933,1.7276,6.092174802680532,530.66,0
20150102,11.252990676876172,12.6667,1.724,6.12315555918394,529.55,0
20150105,11.244635815687342,12.4254,1.6912,6.313681445962349,519.46,0
20150106,11.233783179521971,12.1187,1.6494,6.436450967393214,506.64,0
20150107,11.232504061827953,12.0831,1.6446,6.370304867005193,505.15,0
20150108,11.234014563297588,12.1252,1.6503,6.563744904408266,506.91,1
20150109,11.22867864304795,11.9771,1.6302,6.315004803498541,500.72,0
20150112,11.225492519988846,11.8896,1.6182,6.455900815618988,497.06,0
20150113,11.229614361481302,12.0029,1.6337,6.484341842847358,501.8,1
20150114,11.23317413692208,12.1017,1.6471,6.421597182092548,505.93,1
20150115,11.231522857816756,12.0558,1.6409,6.40767671385595,504.01,0
20150116,11.237041166668844,12.21,1.6619,6.394951882027415,510.455,1
20150120,11.236602784126452,12.1977,1.6602,6.369885713059852,509.94,0
20150121,11.245412646914652,12.4476,1.6942,6.365073897414201,520.39,1
20150122,11.259300545071403,12.8521,1.7493,6.447685223921986,537.3,1
20150123,11.263042925126413,12.9633,1.7644,6.361404827421663,541.95,1
20150126,11.258831483370523,12.8382,1.7474,6.1893676158976065,536.72,0
20150127,11.246079778875409,12.4667,1.6968,6.291688458817708,521.19,0
20150128,11.23871825190843,12.2572,1.6683,6.253114256958062,512.43,0
20150129,11.239395738904081,12.2763,1.6709,6.596691310816648,513.23,1
20150130,11.259502570698112,12.8581,1.7501,6.782146063902379,537.55,1
20150202,11.25515857471808,12.7301,1.7326,6.576210120456723,532.2,0
20150203,11.256055288185586,12.7564,1.7362,6.37163964558647,533.3,1
20150204,11.250152006299869,12.5842,1.7128,6.22912665528896,526.1,0
20150205,11.253220249754204,12.6734,1.7249,6.219781197692749,529.83,1
20150206,11.25652328893759,12.7702,1.7381,6.3318162663342745,533.875,1
20150209,11.252769188039144,12.6603,1.7231,6.180609525697387,529.28,0
20150210,11.261606125112252,12.9205,1.7586,6.37501726876559,540.16,1
20150211,11.2598659801691,12.8688,1.7515,6.282244971592277,538.0,0
20150212,11.266284301245998,13.0604,1.7776,6.385520478560123,546.01,1
20150213,11.270361395968258,13.1836,1.7944,6.3745861424674795,551.16,1
20150217,11.265488175412335,13.0365,1.7744,6.291963267055677,545.01,0
20150218,11.263603511848785,12.9801,1.7667,6.192610100187188,542.65,0
20150219,11.266634134800306,13.071,1.779,6.187991139665459,546.45,1
20150220,11.262922705199859,12.9597,1.7639,6.281427009760679,541.8,0
20150223,11.257437486523937,12.7971,1.7418,6.21623876260366,535.0,0
20150224,11.260390368684464,12.8844,1.7536,6.152708061449463,538.65,1
20150225,11.267332957646833,13.092,1.7819,6.310018942389377,547.33,1
20150226,11.276720758796728,13.3781,1.8208,6.431618475547,559.29,1
20150227,11.279306589969815,13.458,1.8317,6.533574433579481,562.63,1
20150302,11.288766654824657,13.7544,1.8721,6.401452928702058,575.02,1
20150303,11.29160847525346,13.8446,1.8843,6.402481483874017,578.795,1
20150304,11.291259425764501,13.8335,1.8828,6.278330529270532,578.33,0
20150305,11.293584875468868,13.9078,1.8929,6.254279490361778,581.435,1
20150306,11.287162526752322,13.7036,1.8652,6.2740698264091455,572.9,0
20150309,11.28807125137033,13.7323,1.8691,6.069758349759226,574.1,1
20150310,11.277155387047285,13.3915,1.8227,6.301902918295584,559.85,0
20150311,11.273916285949065,13.292,1.8091,6.306673308671168,555.69,0
20150312,11.278178150211295,13.4231,1.827,6.250433909269075,561.17,1
20150313,11.271808835807407,13.2276,1.8004,6.248305362366414,553.0,0
20150316,11.278541735178326,13.4343,1.8285,6.265467362580256,561.64,1
20150317,11.275414258161307,13.3379,1.8154,6.159735585036396,557.61,0
20150318,11.282022887099911,13.5424,1.8432,6.247045044131423,566.16,1
20150319,11.280108625643342,13.4829,1.8351,6.090952157456894,563.67,0
20150320,11.281093717481475,13.5135,1.8393,6.345577203280587,564.95,1
20150323,11.281416464474882,13.5235,1.8406,6.179461591013579,565.37,1
20150324,11.290665773028248,13.8146,1.8803,6.597458672317483,577.54,1
20150325,11.282666763395616,13.5625,1.8459,6.423811072132693,567.0,0
20150326,11.280085510733583,13.4821,1.835,6.396572610133853,563.64,0
20150327,11.275367524654117,13.3365,1.8152,6.237450485508749,557.55,0
20150330,11.278151062553535,13.4222,1.8268,6.093193971108387,561.135,1
20150331,11.582403434654827,26.9244,3.5252,6.242198926118131,554.7,0
20150401,11.578305062015325,26.6715,3.4921,6.28893970108542,549.49,0
20150402,11.571791318968296,26.2744,3.4401,6.378037777885443,541.31,0
20150406,11.573904249867415,26.4026,3.4569,6.226830265032333,543.95,1
20150407,11.57463019483587,26.4468,3.4627,6.135423992275098,544.86,1
20150408,11.577791024437923,26.6399,3.4879,6.152079098613041,548.84,1
20150409,11.577141677134703,26.6001,3.4827,6.209058765764084,548.02,0
20150410,11.577553570961795,26.6254,3.486,6.115683387162341,548.54,1
20150413,11.57763273654686,26.6302,3.4867,6.166216022288496,548.64,1
20150414,11.570562057757972,26.2002,3.4304,6.372972542345551,539.78,0
20150415,11.571574643193276,26.2613,3.4384,6.370714184108775,541.04,1
20150416,11.573560798301944,26.3817,3.4541,6.200327279358746,543.52,1
20150417,11.564860575148003,25.8585,3.3856,6.391234772812055,532.74,0
20150420,11.574367080279261,26.4307,3.4606,6.284670713933401,544.53,1
20150421,11.573085108796139,26.3528,3.4504,6.163276793680292,542.925,0
20150422,11.578059981521704,26.6564,3.4901,6.20148452070489,549.18,1
20150423,11.584558979236084,27.0583,3.5427,6.59208289077252,557.46,1
20150424,11.59699983735303,27.8447,3.6457,6.663550450671948,573.66,1
20150427,11.591253766773477,27.4787,3.5978,6.38077274705207,566.12,0
20150428,11.589909188846368,27.3937,3.5866,6.269463207647115,564.37,0
20150429,11.587609941086704,27.2491,3.5677,6.225584247834322,561.39,0
20150430,11.577735630238209,26.6365,3.4875,6.373284306069457,548.77,0
20150501,11.579622960241538,26.7526,3.5027,6.262110640319954,551.16,1
20150504,11.580944727076295,26.8341,3.5134,6.246240487898348,552.84,1
20150505,11.573181088128976,26.3587,3.4511,6.154246506108266,543.045,0
20150506,11.566763987173223,25.972,3.4005,6.290419292669772,535.08,0
20150507,11.57237660538501,26.3099,3.4447,6.202003074824335,542.04,1
20150508,11.577878058193322,26.6453,3.4886,6.14960826323601,548.95,1
20150511,11.575362885766186,26.4914,3.4685,6.03858956556079,545.78,0
20150512,11.569716429344565,26.1492,3.4237,6.246528862178449,538.73,0
20150513,11.570529873492216,26.1982,3.4301,6.083473952581707,539.49,1
20150514,11.57807579734071,26.6574,3.4902,6.200531223544537,549.2,1
20150515,11.575927488154935,26.5259,3.473,6.223230298915325,546.49,0
20150518,11.576070510233038,26.5346,3.4742,6.125564538156649,546.67,1
20150519,11.578139054857665,26.6613,3.4907,6.372225791110392,549.28,1
20150520,11.580685411595613,26.8181,3.5113,6.188073671125014,552.51,1
20150521,11.584052295137512,27.0268,3.5386,6.232618033480395,556.81,1
20150522,11.582262483342321,26.9156,3.524,6.08396390223902,554.52,0
20150526,11.576483420747365,26.5599,3.4775,6.272702142844424,547.19,0
20150527,11.582050970562516,26.9025,3.5223,6.241107232641309,554.25,1
20150528,11.58199611709631,26.8991,3.5219,6.070893783992137,554.18,0
20150529,11.57499669481483,26.4691,3.4656,6.336916203556826,545.32,0
20150601,11.578083705034228,26.6579,3.4903,6.220238879934404,549.21,1
20150602,11.58181583548265,26.888,3.5204,6.202168881460972,553.95,1
20150603,11.582865121279848,26.953,3.5289,6.125637063262801,555.29,1
20150604,11.580040380730505,26.7783,3.5061,6.128178510885719,551.69,0
20150605,11.578336675233071,26.6734,3.4923,6.086303226311824,549.53,0
20150608,11.573528835506574,26.3798,3.4539,6.1357100540241785,543.48,0
20150609,11.57247274140796,26.3157,3.4455,6.176336132095766,542.16,0
20150610,11.580756149356484,26.8224,3.5118,6.180643335286124,552.6,1
20150611,11.578739542174972,26.6982,3.4956,6.111786577671488,550.04,0
20150612,11.57670559467824,26.5734,3.4792,6.104959047620272,547.47,0
20150615,11.573145098364838,26.3565,3.4508,6.132733759695211,543.0,0
20150616,11.57463816551635,26.4472,3.4627,6.211213746983982,544.87,1
20150617,11.576014896132632,26.5312,3.4737,6.087088619984253,546.6,1
20150618,11.583560636537129,26.9962,3.5346,6.3137835157452615,556.18,1
20150619,11.584605720287833,27.0613,3.5431,6.471949843195685,557.52,1
20150622,11.586285056574573,27.1661,3.5568,6.239942059722153,559.68,1
20150623,11.589154402900077,27.3462,3.5804,6.195846537989097,563.39,1
20150624,11.585422875428605,27.1122,3.5498,6.16021514377793,558.57,0
20150625,11.584940550693794,27.0821,3.5458,6.125569091658654,557.95,0
20150626,11.58111751808322,26.8448,3.5148,6.3392035146172265,553.06,0
20150629,11.571743178137412,26.2715,3.4397,6.275959662589777,541.25,0
20150630,11.572218113038499,26.1933,3.3407,6.23690590262232,540.04,0
20150701,11.57483188947905,26.3514,3.3609,6.186948711243085,543.3,1
20150702,11.57804937230004,26.5474,3.3859,6.148051108534741,547.34,1
20150706,11.576682465687673,26.4639,3.3753,6.107443001108742,545.62,0
20150707,11.58017856208346,26.6778,3.4025,6.225246976679389,550.03,1
20150708,11.573551020032532,26.2738,3.351,6.1408425911562885,541.7,0
20150709,11.575909692413903,26.4169,3.3693,6.172697485037126,544.65,1
20150710,11.584952889099233,26.9727,3.4401,6.336809830185024,556.11,1
20150713,11.596983165696901,27.7303,3.5368,6.320071680794767,571.73,1
20150714,11.60633886882144,28.3342,3.6138,6.573055383674297,584.18,1
20150715,11.606175284341587,28.3235,3.6124,6.316668431747956,583.96,0
20150716,11.619229934426372,29.1878,3.7227,6.7506668101591965,601.78,1
20150717,11.68465440058285,33.9333,4.3279,7.109178014965462,699.62,1
20150720,11.680425137469921,33.6045,4.286,6.709418545698389,692.84,0
20150721,11.681995643434519,33.7262,4.3015,6.577518224358931,695.35,1
20150722,11.681839472954968,33.7141,4.3,6.618569669314571,695.1,0
20150723,11.668922204730766,32.7261,4.1739,6.581107090395459,674.73,0
20150724,11.655880957303548,31.758,4.0505,6.616069597629078,654.77,0
20150727,11.658196247449697,31.9277,4.0721,6.465250460693016,658.27,1
20150728,11.659112334880255,31.9952,4.0807,6.2350719453667365,659.66,1
20150729,11.660276073449053,32.081,4.0917,6.264299428749394,661.43,1
20150730,11.66232638190251,32.2328,4.111,6.296740856192977,664.56,1
20150731,11.657687941607126,31.8904,4.0674,6.242067620000948,657.5,0
20150803,11.66243093040612,32.2406,4.112,6.195181781984401,664.72,1
20150804,11.660177572382961,32.0737,4.0907,6.117075653317485,661.28,0
20150805,11.667994348628007,32.6562,4.165,6.2582993400761024,673.29,1
20150806,11.6659642063717,32.5039,4.1456,6.3081339606650655,670.15,0
20150807,11.662215271533682,32.2246,4.11,6.1389818771618705,664.39,0
20150810,11.661397409394498,32.1639,4.1022,6.2362638520611755,663.14,0
20150811,11.678830057833634,33.4813,4.2703,6.739889524621223,690.3,1
20150812,11.679565527072747,33.538,4.2775,6.467212547354788,691.47,1
20150813,11.676439052184437,33.2974,4.2468,6.259533675478224,686.51,0
20150814,11.678244564303526,33.4362,4.2645,6.139833451612501,689.37,1
20150817,11.6812204857466,33.6661,4.2938,6.0912979142741035,694.11,1
20150818,11.677841185030033,33.4051,4.2605,6.141620322001169,688.73,0
20150819,11.68117668556109,33.6627,4.2934,6.399621291532307,694.04,1
20150820,11.671968862559511,32.9565,4.2033,6.460879358549606,679.48,0
20150821,11.64869828244334,31.2371,3.984,6.662188154795229,644.03,0
20150824,11.63085795426218,29.9799,3.8237,6.8122065521584485,618.11,0
20150825,11.626877005394485,29.7063,3.7888,6.552846884843491,612.47,0
20150826,11.659165000574653,31.999,4.0812,6.642166149465724,659.74,1
20150827,11.664542640484633,32.3977,4.1321,6.469635891956499,667.96,1
20150828,11.659132085264094,31.9966,4.0809,6.288211877324251,659.69,0
20150831,11.651246536201546,31.4209,4.0075,6.289331153033388,647.82,0
20150901,11.63882931114841,30.5352,3.8945,6.410420206227623,629.56,0
20150902,11.649291295622318,31.2797,3.9895,6.2745016835895715,644.91,1
20150903,11.64396570449169,30.8985,3.9409,6.237684961416741,637.05,0
20150904,11.638415210921343,30.5061,3.8908,6.306422882881284,628.96,0
20150908,11.64859711982704,31.2298,3.9831,6.291068559470177,643.88,1
20150909,11.648279990950773,31.207,3.9802,6.3115224581623695,643.41,0
20150910,11.653426539256142,31.579,4.0276,6.143789278063755,651.08,1
20150911,11.656232352401467,31.7837,4.0537,6.241699602170089,655.3,1
20150914,11.654352732434223,31.6464,4.0362,6.175403661151849,652.47,0
20150915,11.662659542551161,32.2576,4.1142,6.249765627986818,665.07,1
20150916,11.662953295734797,32.2794,4.117,6.11813173818875,665.52,1
20150917,11.66694813550505,32.5777,4.155,6.377962479697831,671.67,1
20150918,11.659941078634137,32.0563,4.0885,6.559572700107881,660.92,0
20150921,11.663904995843343,32.3502,4.126,6.2910727809745355,666.98,1
20150922,11.65483836050996,31.6818,4.0408,6.434262394754412,653.2,0
20150923,11.654898194880577,31.6862,4.0413,6.163756034629327,653.29,1
20150924,11.655973806286044,31.7648,4.0513,6.286599938381022,654.91,1
20150925,11.646073934272023,31.0489,3.96,6.384531182176762,640.15,0
20150928,11.635150735468715,30.2777,3.8617,6.373168271503925,624.25,0
20150929,11.634008276233429,30.1981,3.8515,6.323554453668634,622.61,0
20150930,11.64588547929753,28.5521,3.8065,6.40652962098877,637.2,1
20151001,11.649144740237288,28.7672,3.8352,6.327423307385532,642.0,1
20151002,11.659168471411823,29.4388,3.9247,6.387289250602657,656.99,1
20151005,11.668772129070742,30.0971,4.0125,6.27829895388543,671.68,1
20151006,11.66874626512279,30.0953,4.0122,6.333932486134019,671.64,0
20151007,11.667684514869261,30.0218,4.0024,6.345897313173006,670.0,0
20151008,11.665735546084985,29.8874,3.9845,6.293450288805432,667.0,0
20151009,11.668487540891437,30.0774,4.0099,6.2057936730311445,671.24,1
20151012,11.671832572693098,30.3099,4.0409,6.125229073972333,676.43,1
20151013,11.676138499122628,30.6119,4.0811,6.326814550086234,683.17,1
20151014,11.674380399990955,30.4883,4.0646,6.194398329523938,680.41,0
20151015,11.682355480350665,31.0533,4.14,6.3725123049790335,693.02,1
20151016,11.683794433664964,31.1564,4.1537,6.259058205464935,695.32,1
20151019,11.686676730040324,31.3638,4.1814,6.178569785171245,699.95,1
20151020,11.674118624874671,30.4699,4.0622,6.418586141477167,680.0,0
20151021,11.668849711674081,30.1025,4.0132,6.20640378491482,671.8,0
20151022,11.674846097177497,30.521,4.069,6.646560063700942,681.14,1
20151023,11.698537885304988,32.2322,4.2971,6.801837033551812,719.33,1
20151026,11.705598376487039,32.7605,4.3676,6.387184555893906,731.12,1
20151027,11.70660702568182,32.8367,4.3777,6.287558994469784,732.82,1
20151028,11.709030055598229,33.0204,4.4022,6.296698967407696,736.92,1
20151029,11.713678534270683,33.3757,4.4496,6.261490545989842,744.85,1
20151030,11.70930695586128,33.0415,4.405,6.3008477709045065,737.39,0
20151102,11.71536032581581,33.5052,4.4668,6.300096998241135,747.74,1
20151103,11.715987147489352,33.5536,4.4733,6.25894840765209,748.82,1
20151104,11.71973494678758,33.8444,4.5121,6.320561472597443,755.31,1
20151105,11.722806000657744,34.0846,4.5441,6.356850424755025,760.67,1
20151106,11.723336647544853,34.1263,4.5496,6.224584594791266,761.6,1
20151109,11.719424342011378,33.8202,4.5088,6.2496534552143554,754.77,0
20151110,11.721427858702974,33.9766,4.5297,6.1731655733499275,758.26,1
20151111,11.725413050437808,34.2898,4.5714,6.321375116288831,765.25,1
20151112,11.720435866703617,33.8991,4.5194,6.248599719638417,756.53,0
20151113,11.710882511866922,33.1616,4.421,6.3819022367025635,740.07,0
20151116,11.716914112398038,33.6253,4.4829,6.404011883570495,750.42,1
20151117,11.714336896201328,33.4264,4.4563,6.287786954711984,745.98,0
20151118,11.72242901881271,34.055,4.5401,6.2584782836464035,760.01,1
20151119,11.72214892654272,34.0331,4.5372,6.147340195549755,759.94,0
20151120,11.732030730969349,34.8163,4.6416,6.443097689348487,777.0,1
20151123,11.73186301732297,34.8029,4.6398,6.238648175057805,776.7,0
20151124,11.72789170022694,34.4861,4.5976,6.379125960162183,769.63,0
20151125,11.727682862738359,34.4695,4.5954,6.0721185965394575,769.26,0
20151127,11.729210135447676,34.591,4.6116,5.858729640015196,771.97,1
20151130,11.724048862735964,34.1823,4.5571,6.225140959999684,762.85,0
20151201,11.73580943039125,35.1206,4.6822,6.305322128833791,783.79,1
20151202,11.73250556821589,34.8544,4.6467,6.369928146951535,777.85,0
20151203,11.727084014997592,34.422,4.5891,6.321700727178631,768.2,0
20151204,11.73326422959771,34.9154,4.6548,6.396198998264687,779.21,1
20151207,11.729783587751818,34.6367,4.6177,6.262756412433201,772.99,0
20151208,11.730989860786234,34.733,4.6305,6.1914848288706645,775.14,1
20151209,11.723878037580267,34.1689,4.5553,6.3668842784317095,762.55,0
20151210,11.722446161452043,34.0564,4.5403,6.210302464280586,760.04,0
20151211,11.716914112398038,33.6253,4.4829,6.334285630564907,750.42,0
20151214,11.723872342251047,34.1684,4.5553,6.432732046811746,762.54,1
20151215,11.722474731013993,34.0586,4.5406,6.392577198069102,760.09,0
20151216,11.731801506087992,34.798,4.6392,6.424229705837789,776.59,1
20151217,11.728004543557548,34.4951,4.5988,6.261390877558848,769.83,0
20151218,11.72061952743163,33.9134,4.5213,6.530161519605943,756.85,0
20151221,11.722880216097792,34.0904,4.5449,6.241139886314914,760.8,1
20151222,11.72647867911427,34.3741,4.5827,6.2593393909039285,767.13,1
20151223,11.727259235164334,34.4359,4.5909,6.184618190670817,768.51,1
20151224,11.725747758073553,34.3163,4.575,5.716955241989072,765.84,0
20151228,11.734949732088197,35.0511,4.6729,6.1924991539046035,782.24,1
20151229,11.7414083352292,35.5763,4.743,6.2836358684075275,793.96,1
20151230,11.73940169410766,35.4123,4.7211,6.154813354873406,790.3,0
20151231,11.731655740478507,34.0631,4.48,6.2141974866607494,778.01,0
20160104,11.72035907487932,33.1885,4.365,6.527509776705886,759.44,0
20160105,11.72235757810307,33.3416,4.3851,6.354261184014917,761.53,1
20160106,11.72110111987994,33.2453,4.3724,6.382071280946797,759.33,0
20160107,11.710488769312738,32.4427,4.2669,6.499214461580154,741.0,0
20160108,11.704534465090566,32.001,4.2088,6.375727244869599,730.91,0
20160111,11.705816008228599,32.0956,4.2212,6.405654680055539,733.07,1
20160112,11.713024990376788,32.6328,4.2919,6.369355588666073,745.34,1
20160113,11.697743609967388,31.5045,4.1435,6.412694852029378,719.57,0
20160114,11.704819579443026,32.022,4.2116,6.44371160488841,731.39,1
20160115,11.692228531034784,31.1069,4.0912,6.583623902272427,710.49,0
20160119,11.6974477710846,31.483,4.1407,6.386716504187381,719.08,1
20160120,11.697133599052048,31.4603,4.1377,6.615109041043279,718.56,0
20160121,11.702007792390305,31.8153,4.1844,6.4144579021412484,726.67,1
20160122,11.713094906311776,32.638,4.2926,6.372417619699185,745.46,1
20160125,11.706141723923453,32.1196,4.2244,6.355457458828277,733.62,0
20160126,11.706242350281805,32.1271,4.2254,6.189504069415334,733.79,1
20160127,11.696540887118216,31.4174,4.132,6.326629524963499,717.58,0
20160128,11.714746306556444,32.7624,4.3089,6.492092654409052,748.3,1
20160129,11.722254913405777,33.3337,4.3841,6.578684470490909,761.35,1
20160201,11.727595363985209,33.7461,4.4383,6.746329696922884,770.77,1
20160202,11.7332715455876,34.1901,4.4967,6.832018841542558,780.91,1
20160203,11.715372659477971,32.8096,4.3151,6.816621124945375,749.38,0
20160204,11.704011268805575,31.9625,4.2037,6.719838468792469,730.03,0
20160205,11.688095140296134,30.8123,4.0524,6.73860783661046,703.76,0
20160208,11.688341912552279,30.8298,4.0548,6.6503574592684815,704.16,1
20160209,11.686400969836065,30.6923,4.0367,6.624792427156991,701.02,0
20160210,11.689997823667946,30.9476,4.0702,6.47939288833843,706.85,1
20160211,11.689696659220115,30.9261,4.0674,6.511910887695198,706.36,0
20160212,11.690022399303185,30.9493,4.0705,6.366775666553907,706.89,1
20160216,11.696577198859872,31.42,4.1324,6.336902408480872,717.64,1
20160217,11.705163843072881,32.0474,4.2149,6.390531520086822,731.97,1
20160218,11.696498519582024,31.4143,4.1316,6.373619179684361,717.51,0
20160219,11.699273920612477,31.6157,4.1581,6.242029314904115,722.11,1
20160222,11.70342787563143,31.9195,4.1981,6.273192088086481,729.05,1
20160223,11.696365337554191,31.4047,4.1304,6.315249279919246,717.29,0
20160224,11.698545586856971,31.5627,4.1511,6.268253065495974,720.9,1
20160225,11.703469572571782,31.9226,4.1985,6.25702015586923,729.12,1
20160226,11.700924696044147,31.7361,4.1739,6.327091122053907,724.86,0
20160229,11.696322952887988,31.4016,4.13,6.352843300894087,717.22,0
20160301,11.71117395664693,32.494,4.2736,6.477924390732382,742.17,1
20160302,11.709596993882553,32.3762,4.2581,6.258791197757761,739.48,0
20160303,11.704938321868651,32.0308,4.2127,6.306789467495679,731.59,0
20160304,11.704124285004209,31.9708,4.2048,6.384846040052759,730.22,0
20160307,11.693638252362227,31.2081,4.1045,6.489716387658422,712.8,0
20160308,11.694082798854934,31.24,4.1087,6.401691351761059,713.53,1
20160309,11.70125409950212,31.7602,4.1771,6.296043792546132,725.41,1
20160310,11.705282491421976,32.0561,4.216,6.348462777305771,732.17,1
20160311,11.71275104453927,32.6122,4.2892,6.247726605393908,744.87,1
20160314,11.715870776728183,32.8473,4.3201,6.215158597464196,750.24,1
20160315,11.716061763170622,32.8617,4.322,6.173645969118699,750.57,1
20160316,11.719972925442729,33.159,4.3611,6.165922103795562,757.36,1
20160317,11.720614694901572,33.2081,4.3675,6.347962745770748,758.48,1
20160318,11.718853290985722,33.0737,4.3499,6.448940868309818,755.41,0
20160321,11.722716713542944,33.3692,4.3887,6.157957565051512,762.16,1
20160322,11.721512724679762,33.2768,4.3766,6.043277375959761,760.05,0
20160323,11.720087596708387,33.1678,4.3622,6.091263773355542,757.56,0
20160324,11.718525467292375,33.0487,4.3466,6.191966049378857,754.84,0
20160328,11.71762699816073,32.9804,4.3376,6.034958363014346,753.28,0
20160329,11.724836960439289,33.5325,4.4102,6.301694175234668,765.89,1
20160330,11.726224004604903,33.6398,4.4243,6.305298691921281,768.34,1
20160331,11.726820511206265,32.2748,4.3143,6.211566092144677,762.9,0
20160401,11.730657455381259,32.5612,4.3526,6.199672368264782,769.67,1
20160404,11.728082450746575,32.3687,4.3269,6.129181844333386,765.12,0
20160405,11.724348559496955,32.0916,4.2898,6.087747709004828,758.57,0
20160406,11.729753698671015,32.4935,4.3435,6.102288573562064,768.07,1
20160407,11.725235055991543,32.1572,4.2986,6.105459769621649,760.12,0
20160408,11.72486351968181,32.1297,4.2949,6.06887832461403,759.47,0
20160411,11.723758465921714,32.048,4.284,6.20103970861966,757.54,0
20160412,11.727628120250172,32.3348,4.3223,6.136517003356066,764.32,1
20160413,11.731919563509445,32.6559,4.3653,6.248294084098169,771.91,1
20160414,11.733873092036994,32.8032,4.3849,6.130208287518776,775.39,1
20160415,11.736447499001374,32.9982,4.411,6.200189254732793,780.0,1
20160418,11.740702714739573,33.3231,4.4544,6.224536947154741,787.68,1
20160419,11.73435450949553,32.8395,4.3898,6.341951610734946,776.25,0
20160420,11.733609766105085,32.7833,4.3823,6.233779672908756,774.92,0
20160421,11.736447499001374,32.9982,4.411,6.588990639342255,780.0,1
20160422,11.712067808495894,31.1968,4.1702,6.847569451273296,737.77,0
20160425,11.71487969773239,31.3995,4.1973,6.3930591830982255,742.21,1
20160426,11.704912486287212,30.687,4.1021,6.446103588193927,725.37,0
20160427,11.702565153762803,30.5216,4.08,6.520239394564078,721.46,0
20160428,11.692578972962066,29.8278,3.9872,6.495475233438024,705.06,0
20160429,11.694312538527665,29.9471,4.0032,6.464474345370669,707.88,1
20160502,11.698300421298919,30.2234,4.0401,6.223708752815011,714.41,1
20160503,11.694625318146445,29.9687,4.006,6.285791269946849,708.44,0
20160504,11.696448442416235,30.0948,4.0229,6.2326426896542655,711.37,1
20160505,11.698482754967868,30.2361,4.0418,6.1712456853988495,714.71,1
20160506,11.704798714335837,30.679,4.101,6.300514616728289,725.18,1
20160509,11.70715786392824,30.8461,4.1233,6.2795960004476665,729.13,1
20160510,11.713220595175637,31.2797,4.1813,6.212644039769229,739.38,1
20160511,11.708002841401171,30.9062,4.1314,6.173694881991077,730.55,0
20160512,11.706526032701209,30.8013,4.1173,6.131848580690181,728.07,0
20160513,11.704589056372624,30.6642,4.099,6.101114756613222,724.83,0
20160516,11.707854196952344,30.8956,4.1299,6.051870733873837,730.3,1
20160517,11.701799983111544,30.4679,4.0728,6.222762238693297,720.19,0
20160518,11.702757740216182,30.5352,4.0818,6.21133416373255,721.78,1
20160519,11.6988471928141,30.2614,4.0452,6.184665883331965,715.31,0
20160520,11.702715619226417,30.5322,4.0814,6.240523040066194,721.71,1
20160523,11.70002345322893,30.3435,4.0561,6.093710885013662,717.25,0
20160524,11.70947464526013,31.0111,4.1454,6.277416890422223,733.03,1
20160525,11.71246810163811,31.2256,4.1741,6.208609021938838,738.1,1
20160526,11.711779133074227,31.1761,4.1674,6.133576907474947,736.93,0
20160527,11.718022189017688,31.6275,4.2278,6.240581694359427,747.6,1
20160531,11.718747730437235,31.6804,4.2349,6.327205218032848,748.85,1
20160601,11.718521491579853,31.6639,4.2326,6.016969443198874,748.46,0
20160602,11.7160834101341,31.4866,4.209,6.229380777286792,744.27,0
20160603,11.711148092427026,31.1308,4.1614,6.090037851090953,735.86,0
20160606,11.707711450401362,30.8855,4.1286,6.175989332657429,730.06,0
20160607,11.708323739886294,30.929,4.1344,6.084841063216728,731.09,1
20160608,11.715300792109309,31.4299,4.2014,6.208367982422852,742.93,1
20160609,11.715061052310459,31.4126,4.1991,5.981801850960212,742.52,0
20160610,11.709569429286239,31.0179,4.1463,6.162102984954527,733.19,0
20160613,11.70879277571622,30.9624,4.1389,6.067344669229618,731.88,0
20160614,11.709604967963482,31.0204,4.1466,6.123582490926214,733.25,1
20160615,11.708976689451767,30.9756,4.1406,6.065094363200911,732.19,0
20160616,11.704241400186692,30.6397,4.0957,6.352198538456766,724.25,0
20160617,11.692079751968704,29.7936,3.9826,6.614167684624546,704.25,0
20160620,11.69323755923987,29.8731,3.9933,6.3584535951625245,706.13,1
20160621,11.694925619859756,29.9894,4.0088,6.180675709798227,708.88,1
20160622,11.695898640629936,30.0567,4.0178,6.162230941090193,710.47,1
20160623,11.69857996829961,30.2428,4.0427,6.327364656817097,714.87,1
20160624,11.680170250604366,28.9876,3.8749,6.67868041257825,685.2,0
20160627,11.677589281319955,28.8159,3.8519,6.465306396991887,681.14,0
20160628,11.683994323319352,29.244,3.9092,6.281551482893981,691.26,1
20160629,11.686456412662817,29.4103,3.9314,6.3336926671876475,695.19,1
20160630,11.690328431931013,27.2517,3.8329,6.324799390194934,703.53,1
20160701,11.694457052929543,27.512,3.8695,6.190096274782191,710.25,1
20160705,11.691167159979413,27.3044,3.8403,6.1529081478183425,704.89,0
20160706,11.69367366897559,27.4624,3.8626,6.159905714718238,708.97,1
20160707,11.69262490722792,27.3962,3.8532,6.024772092649118,707.26,0
20160708,11.699037163653207,27.8037,3.9106,6.175315495724745,717.78,1
20160711,11.70469968074848,28.1686,3.9619,6.158698035881559,727.2,1
20160712,11.707859368455154,28.3743,3.9908,6.1234203978214525,732.51,1
20160713,11.706059199966635,28.2569,3.9743,6.009377373973658,729.48,0
20160714,11.709805594029678,28.5017,4.0087,6.029526219148797,735.8,1
20160715,11.709705242586182,28.4951,4.0078,6.2087333857712865,735.63,0
20160718,11.719956121879196,29.1757,4.1035,6.286658524615686,753.2,1
20160719,11.720077190824432,29.1839,4.1047,6.182356152851681,753.41,1
20160720,11.722187583988177,29.326,4.1247,6.051197686724998,757.08,1
20160721,11.720653247045437,29.2226,4.1101,5.979117052755342,754.41,0
20160722,11.723447770923439,29.4112,4.1366,6.019541649108685,759.28,1
20160725,11.722439914078516,29.3431,4.1271,6.030725175689156,757.52,0
20160726,11.7225144381026,29.3481,4.1278,6.075391098348394,757.65,1
20160727,11.724983683329633,29.5154,4.1513,6.206445094544544,761.97,1
20160728,11.727183856439686,29.6653,4.1724,6.565047058536729,765.84,1
20160729,11.741408929175286,30.6531,4.3113,6.706762745272797,791.34,1
20160801,11.746645793978475,31.025,4.3636,6.481393606358491,800.94,1
20160802,11.746200936813475,30.9932,4.3591,6.3002375542935,800.12,0
20160803,11.74554910386856,30.9467,4.3526,6.1646576473300225,798.92,0
20160804,11.744640338449566,30.882,4.3435,6.031824783351749,797.25,0
20160805,11.749881672478077,31.257,4.3963,6.257023279832692,806.93,1
20160808,11.748965757317194,31.1911,4.387,6.086932223652113,805.23,0
20160809,11.750177584884824,31.2783,4.3992,6.206200959733904,807.48,1
20160810,11.750720463136076,31.3174,4.4047,5.963085780213313,808.49,1
20160811,11.750564656641199,31.3062,4.4032,6.107980836394467,808.2,0
20160812,11.749946252383559,31.2616,4.3969,5.95292943964875,807.05,0
20160815,11.749359298728802,31.2194,4.391,5.968517503944396,805.96,0
20160816,11.746781330572082,31.0346,4.365,6.024443385554363,801.19,0
20160817,11.749068220238307,31.1985,4.388,6.027785722153624,805.42,1
20160818,11.74762612477311,31.0951,4.3735,5.937096431963476,802.75,0
20160819,11.745945752115215,30.975,4.3566,6.049513785053351,799.65,0
20160822,11.744476885499989,30.8704,4.3419,5.9311348266899495,796.95,0
20160823,11.744280660722266,30.8565,4.3399,5.96261222637183,796.59,0
20160824,11.742647469680692,30.7406,4.3236,6.108712807533195,793.6,0
20160825,11.741386976262078,30.6515,4.3111,6.080150088918252,791.3,0
20160826,11.742439466370577,30.7259,4.3216,6.096521058465817,793.22,1
20160829,11.743860659871821,30.8266,4.3357,5.888571474213053,795.82,1
20160830,11.741727121778867,30.6756,4.3145,6.06722452518866,791.92,0
20160831,11.740496949434513,30.5888,4.3023,6.02995974900769,789.85,0
20160901,11.741441856464577,30.6554,4.3116,6.115097708273184,791.4,1
20160902,11.744433287655085,30.8673,4.3414,6.130300310446148,796.87,1
20160906,11.750467921039528,31.2992,4.4022,6.2987520202586875,808.02,1
20160907,11.750451796344187,31.298,4.402,6.059080010551649,807.99,0
20160908,11.747674812798586,31.0986,4.374,6.071019924205638,802.84,0
20160909,11.739836492346862,30.5423,4.2957,6.275917561165416,788.48,0
20160912,11.745494740269669,30.9428,4.3521,6.270384627166374,798.82,1
20160913,11.739968664140498,30.5516,4.297,6.257449130002332,788.72,0
20160914,11.740925708561425,30.619,4.3065,6.118566279079004,790.46,1
20160915,11.746803012502262,31.0362,4.3652,6.194891584060004,801.23,1
20160916,11.745032374718173,30.9099,4.3474,6.328496011380608,797.97,0
20160919,11.743625937073745,30.81,4.3334,6.060517287381873,795.39,0
20160920,11.746016350119218,30.98,4.3573,6.0212062569043425,799.78,1
20160921,11.748857875488389,31.1834,4.3859,6.1298432213411385,805.03,1
20160922,11.754709357291615,31.6064,4.4454,6.24533743412421,815.95,1
20160923,11.754182103684863,31.568,4.44,6.149734108371301,814.96,0
20160926,11.747572020564505,31.0912,4.3729,6.168123723413839,802.65,0
20160927,11.75192205434671,31.4042,4.417,6.135854602453757,810.73,1
20160928,11.75156299818342,31.3782,4.4133,6.1674000496292765,810.06,0
20160929,11.74756660977291,31.0908,4.3729,6.130325404224439,802.64,0
20160930,11.748334268109714,31.1458,4.3806,6.220160671116181,804.06,1
20161003,11.74634203842708,31.0033,4.3606,6.17295652708489,800.38,0
20161004,11.747647764569415,31.0966,4.3737,6.099924302396875,802.79,1
20161005,11.746803012502262,31.0362,4.3652,6.0841542890434575,801.23,0
20161006,11.747804620854321,31.1079,4.3753,6.0413567556739824,803.08,1
20161007,11.74652106294295,31.016,4.3624,6.06591529505115,800.71,0
20161010,11.753760906275698,31.5374,4.4357,6.174964977182108,814.17,1
20161011,11.751300216804186,31.3592,4.4106,6.235925947387271,809.57,0
20161012,11.752478807903612,31.4445,4.4226,5.95802653553293,811.77,1
20161013,11.748345070514528,31.1466,4.3807,6.136397420630398,804.08,0
20161014,11.748625838769811,31.1667,4.3836,6.046079010010011,804.6,1
20161017,11.749833231246166,31.2535,4.3958,6.023814825759275,806.84,1
20161018,11.75764809166992,31.821,4.4756,6.359696068505161,821.49,1
20161019,11.760598580518423,32.0379,4.5061,6.176132370320732,827.09,1
20161020,11.757722098714583,31.8264,4.4763,6.14422227095326,821.63,0
20161021,11.759004644465008,31.9205,4.4896,6.2083913666967545,824.06,1
20161024,11.76511699930405,32.373,4.5532,6.1606533745697,835.74,1
20161025,11.761364532184167,32.0945,4.514,6.276625380597352,828.55,0
20161026,11.757970458739718,31.8446,4.4789,6.254032514764168,822.1,0
20161027,11.755453877494359,31.6606,4.453,6.473265898060768,817.35,0
20161028,11.756626564310581,31.7462,4.4651,6.638976591299858,819.56,1
20161031,11.751477209500576,31.372,4.4124,6.350767116425075,809.9,0
20161101,11.748860572860742,31.1836,4.3859,6.372155008734643,805.48,0
20161102,11.739803443112383,30.54,4.2954,6.371203858312056,788.42,0
20161103,11.737229897369142,28.6368,4.0718,6.337502389083928,782.19,0
20161104,11.736624275812058,28.5969,4.0662,6.294599139613992,781.1,0
20161107,11.746486158677646,29.2537,4.1596,6.299413587322721,802.03,1
20161108,11.754648736049774,29.8087,4.2385,6.247744772273684,811.98,1
20161109,11.749465279166643,29.4551,4.1882,6.491152902111585,805.59,0
20161110,11.734411312611877,28.4516,4.0455,6.7715587474193475,780.29,0
20161111,11.731394276160525,28.2546,4.0175,6.555413821850182,771.75,0
20161114,11.72104700177622,27.5894,3.9229,6.566823177096296,753.22,0
20161115,11.734774409420929,28.4754,4.0489,6.468921430802587,775.16,1
20161116,11.735722614489472,28.5376,4.0577,6.254876634206766,779.98,1
20161117,11.73942858105036,28.7822,4.0925,6.185734471010081,786.16,1
20161118,11.733762569204904,28.4091,4.0395,6.2567812262455,775.97,0
20161121,11.739058298454996,28.7576,4.089,6.212410023447126,784.8,1
20161122,11.738787294751646,28.7397,4.0865,6.144316979302928,785.0,1
20161123,11.735455095678956,28.52,4.0552,6.118258441508474,779.0,0
20161125,11.736140283013148,28.5651,4.0616,5.787849252604716,780.23,1
20161128,11.73922413566562,28.7686,4.0906,6.410850087544247,785.79,1
20161129,11.741236765816035,28.9022,4.1096,6.193675746797784,789.44,1
20161130,11.73364502060849,28.4014,4.0384,6.357754615493752,775.88,0
20161201,11.726057800442062,27.9095,3.9684,6.457438902355942,764.33,0
20161202,11.727272404100377,27.9877,3.9795,6.235236967817802,764.46,1
20161205,11.735020025843976,28.4915,4.0512,6.227494120319512,778.22,1
20161206,11.737673853483809,28.6661,4.076,6.2390738877920855,776.18,0
20161207,11.742352095952237,28.9766,4.1202,6.30737086604797,791.47,1
20161208,11.744377624737414,29.112,4.1394,6.207508072454299,795.17,1
20161209,11.752107665407404,29.6348,4.2138,6.279772539584561,809.45,1
20161212,11.751275246137565,29.5781,4.2057,6.211814963791235,807.9,0
20161213,11.755256387031203,29.8505,4.2444,6.328014479516528,815.34,1
20161214,11.756612536292169,29.9438,4.2577,6.255189016028411,817.89,1
20161215,11.755421478529017,29.8618,4.246,6.247904313572237,815.65,0
20161216,11.752316861846852,29.6491,4.2158,6.4147838874422,809.84,0
20161219,11.753741007657304,29.7465,4.2296,6.101603086956763,812.5,1
20161220,11.755181809004762,29.8453,4.2437,6.104447162577002,815.2,1
20161221,11.75358062316041,29.7355,4.2281,6.1642421858304965,812.2,0
20161222,11.752231049856473,29.6433,4.215,6.053892079084661,809.68,0
20161223,11.751221486840361,29.5744,4.2052,5.88396618589973,807.8,0
20161227,11.752284684337404,29.6469,4.2155,5.989432908331045,809.93,1
20161228,11.749481473006043,29.4562,4.1884,6.0844890528352344,804.57,0
20161229,11.748568277640908,29.3943,4.1796,6.024236020303064,802.88,0
20161230,11.742889507749013,29.0124,4.1253,6.239519449259965,792.45,0
20170103,11.751097815196697,29.566,4.204,6.292041751766657,808.01,1
20170104,11.751017140799366,29.5605,4.2032,6.180509800732727,807.77,0
20170105,11.754018867220143,29.7655,4.2323,6.1272781574523805,813.02,1
20170106,11.760482120175302,30.2118,4.2958,6.304726783464039,825.21,1
20170109,11.761517663279177,30.2839,4.3061,6.148887567083223,827.18,1
20170110,11.760902943097392,30.2411,4.3,6.078254486854887,826.01,0
20170111,11.762922469712759,30.3821,4.32,6.122345000227623,829.86,1
20170112,11.7599397094968,30.1741,4.2904,6.130432840675666,829.53,0
20170113,11.763487303656124,30.4216,4.3256,6.1106509785321395,830.94,1
20170117,11.76152816375626,30.2847,4.3062,6.15863534838107,827.46,0
20170118,11.76248264598111,30.3513,4.3156,6.011865511349356,829.02,1
20170119,11.760039816805557,30.1811,4.2914,6.029568009346101,824.37,0
20170120,11.762037132380389,30.3202,4.3112,6.116004027109444,828.17,1
20170123,11.770481292062922,30.9155,4.3958,6.3904717891458285,844.43,1
20170124,11.771590772247775,30.9946,4.4071,6.22746891287207,849.53,1
20170125,11.777632642970463,31.4288,4.4688,6.2206696913624375,858.45,1
20170126,11.77688832458421,31.375,4.4612,6.543229792050072,856.98,0
20170127,11.770789765421389,30.9375,4.399,6.5743203537110535,845.03,0
20170130,11.759755240869847,30.1613,4.2886,6.546164094786248,823.83,0
20170131,11.75783210794287,30.028,4.2697,6.305390067230779,820.19,0
20170201,11.755203118319155,29.8468,4.2439,6.352384562804854,815.24,0
20170202,11.75680895955537,29.9574,4.2596,6.227675673604865,818.26,1
20170203,11.758608326463978,29.4486,4.1255,6.184150354693384,820.13,1
20170206,11.759396630353978,29.5021,4.133,6.130615164475909,821.62,1
20170207,11.763400633646345,29.7753,4.1713,6.221832680423244,829.23,1
20170208,11.763740926246209,29.7986,4.1746,6.114686028637838,829.88,1
20170209,11.763835113996429,29.8051,4.1755,6.077090886078509,830.06,1
20170210,11.76633407947568,29.9771,4.1996,6.150795724086126,834.85,1
20170213,11.768466882969511,30.1247,4.2203,6.112507140209725,838.96,1
20170214,11.769020424275352,30.1631,4.2256,6.134605769728225,840.03,1
20170215,11.767617092746434,30.0658,4.212,6.132639051051751,837.32,0
20170216,11.770125394781395,30.2399,4.2364,6.002202359479887,842.17,1
20170217,11.77237824202221,30.3972,4.2584,6.164712635706563,846.55,1
20170221,11.77377141111301,30.4949,4.2721,6.100736439147193,849.27,1
20170222,11.774838869553873,30.5699,4.2826,6.088096734519587,851.36,1
20170223,11.774655188057814,30.557,4.2808,6.141976564985495,851.0,0
20170224,11.77302416278057,30.4425,4.2648,6.12910603752156,847.81,0
20170227,11.773975912503255,30.5093,4.2741,6.004464538363712,849.67,1
20170228,11.771546358374989,30.3391,4.2503,6.140859547296607,844.93,0
20170301,11.777579741075131,30.7635,4.3098,6.259754141720098,856.75,1
20170302,11.774067906721664,30.5157,4.275,6.097235785372766,849.85,0
20170303,11.773674239208626,30.4881,4.2712,6.002862103393446,849.08,0
20170306,11.77274745722312,30.4231,4.2621,6.020308235807297,847.27,0
20170307,11.775078559091359,30.5868,4.285,6.016488459163648,851.15,1
20170308,11.776000385106913,30.6518,4.2941,6.0127672259730875,853.64,1
20170309,11.778131920953754,30.8026,4.3152,6.12959226162096,857.84,1
20170310,11.779933016256678,30.9306,4.3332,6.125996582888391,861.405,1
20170313,11.78153081291814,31.0446,4.3491,6.0669238334584366,864.58,1
20170314,11.78219838311463,31.0924,4.3558,6.025998544898908,865.91,1
20170315,11.783440441638813,31.1814,4.3683,6.124792680531706,868.39,1
20170316,11.784244880591844,31.2392,4.3764,6.043146845976475,870.0,1
20170317,11.785426350149857,31.3243,4.3883,6.271435455849121,872.37,1
20170320,11.783180304173985,31.1628,4.3657,6.188140417181666,867.91,0
20170321,11.774216078653232,30.5261,4.2765,6.404487853172393,850.14,0
20170322,11.774042354726722,30.5139,4.2748,6.135688764806404,849.8,0
20170323,11.768823920291332,30.1495,4.2237,6.516888086632714,839.65,0
20170324,11.766484913194466,29.9875,4.201,6.3233927846685205,835.14,0
20170327,11.768233874305816,30.1085,4.218,6.286728323949174,838.51,1
20170328,11.76933051281225,30.1847,4.2287,6.181615523469609,840.63,1
20170329,11.774078127098711,30.5164,4.2751,6.163562971291367,849.87,1
20170330,11.773878786349702,30.5024,4.2732,5.977448312499385,849.48,0
20170331,11.773019040205428,30.4421,4.2647,6.158658555866384,847.8,0
20170403,11.777579741075131,30.7635,4.3098,6.294334374625663,856.75,1
20170404,11.77545567471774,30.6134,4.2887,6.129849018439864,852.57,0
20170405,11.773587277492513,30.482,4.2703,6.268379732989131,848.91,0
20170406,11.771631160185308,30.345,4.2511,6.1857019050442,845.095,0
20170407,11.770089295327328,30.2374,4.2361,6.045481017569352,842.1,0
20170410,11.769882955149125,30.2231,4.234,6.0196209423885385,841.7,0
20170411,11.768942867534266,30.1577,4.2249,5.988711869388201,839.88,0
20170412,11.76975910396877,30.2145,4.2328,6.0552923050222605,841.46,1
20170413,11.76909796716875,30.1685,4.2264,6.030862728438235,840.18,0
20170417,11.776757770760968,30.7053,4.3016,6.020827236121162,855.13,1
20170418,11.776178413216977,30.6644,4.2959,5.971369100681884,853.99,0
20170419,11.77745806581704,30.7549,4.3085,6.033558848312414,856.51,1
20170420,11.779264476824553,30.883,4.3265,6.075124504967131,860.08,1
20170421,11.778693511995275,30.8425,4.3208,6.069249877919939,858.95,0
20170424,11.78867991621618,31.5599,4.4213,6.228373663659108,878.93,1
20170425,11.793549218672446,31.9157,4.4712,6.309210998764772,888.84,1
20170426,11.793695776390539,31.9265,4.4727,6.121657327925469,889.14,1
20170427,11.794817745483675,32.0091,4.4843,6.369643074645968,891.44,1
20170428,11.810641938596257,33.1969,4.6507,6.58499313188751,924.52,1
20170501,11.8145234769196,33.4949,4.6924,6.366942305604056,932.82,1
20170502,11.81805654581476,31.7797,4.5378,6.243358563796766,937.09,1
20170503,11.823289683281113,32.1649,4.5928,6.261205514336876,948.45,1
20170504,11.826151262912235,32.3775,4.6231,6.287412033288322,954.72,1
20170505,11.824126831425367,32.227,4.6016,6.208319865990584,950.28,0
20170508,11.827953439724597,32.5122,4.6424,6.273392539851887,958.69,1
20170509,11.827055555856512,32.445,4.6328,6.227357519592532,956.71,0
20170510,11.826205846520917,32.3816,4.6237,6.059172869541462,954.84,0
20170511,11.82668316069079,32.4172,4.6288,6.013297838479724,955.89,1
20170512,11.826342275536554,32.3918,4.6252,6.084523015509693,955.14,0
20170515,11.828193467756432,32.5302,4.6449,6.126357753095355,959.22,1
20170516,11.830627002301942,32.7129,4.671,6.042001849263051,964.61,1
20170517,11.820404513995724,31.9519,4.5624,6.388999070458188,942.17,0
20170518,11.824227363613675,32.2344,4.6027,6.255384683355397,950.5,1
20170519,11.826119419305448,32.3752,4.6228,6.133634378795058,954.65,1
20170522,11.830383811076485,32.6946,4.6684,6.142199185935553,964.07,1
20170523,11.83329315634035,32.9144,4.6998,6.189046809372809,970.55,1
20170524,11.8364408777438,33.1538,4.734,6.057851647200398,977.61,1
20170525,11.84272561868103,33.6371,4.803,6.290957674741373,991.86,1
20170526,11.843342560969404,33.6849,4.8098,6.2138937171461475,993.27,1
20170530,11.844608701078766,33.7832,4.8238,6.180895391619239,996.17,1
20170531,11.840631994596967,33.4753,4.7799,6.236561192369828,987.09,0
20170601,11.841159643396075,33.516,4.7857,6.116070852718919,988.29,1
20170602,11.844586902320453,33.7815,4.8236,6.239416860445241,996.12,1
20170605,11.847957044411912,34.0447,4.8612,6.13953781088389,1003.88,1
20170606,11.844830985937742,33.8005,4.8263,6.190923616247361,996.68,0
20170607,11.846965222249715,33.967,4.8501,6.138017391441009,1001.59,1
20170608,11.848130056318393,34.0583,4.8631,6.2273531456013815,1004.28,1
20170609,11.833100700507803,32.8998,4.6977,6.562037805169489,970.12,0
20170612,11.829364530560941,32.618,4.6575,6.623467313535084,961.81,0
20170613,11.833270782136594,32.9127,4.6995,6.3021914817498725,970.5,1
20170614,11.83211919299232,32.8255,4.6871,6.177676721223061,967.93,0
20170615,11.82862789803401,32.5627,4.6496,6.385184105811651,960.18,0
20170616,11.827921727989148,32.5098,4.642,6.408105414969617,958.62,0
20170619,11.835377841708933,33.0728,4.7224,6.166973603871765,975.22,1
20170620,11.832594537556654,32.8615,4.6922,6.1130360660824605,968.99,0
20170621,11.836876015897232,33.187,4.7387,6.065059220480858,978.59,1
20170622,11.836000856278707,33.1202,4.7292,6.004095998176669,976.62,0
20170623,11.840191797028488,33.4414,4.775,6.194232583475448,986.09,1
20170626,11.833981717928943,32.9666,4.7072,6.181246594337975,972.09,0
20170627,11.823124808282047,32.1527,4.591,6.388030471914469,948.09,0
20170628,11.829003149250605,32.5909,4.6536,6.438632204431865,961.01,1
20170629,11.818394732701394,31.8044,4.5413,6.5060548105060585,937.82,0
20170630,11.81460873059062,31.5284,4.5019,6.359391858242268,929.68,0
20170703,11.809808082938849,31.1818,4.4524,6.22906387039972,919.46,1
20170705,11.815812292982995,31.6159,4.5144,6.320988084163654,932.26,1
20170706,11.813678117573634,31.4609,4.4922,6.304243797392388,927.69,0
20170707,11.819777167345103,31.9058,4.5558,6.220971109728214,940.81,1
20170710,11.824455759349627,32.2514,4.6051,6.161805071846202,951.0,1
20170711,11.826536725368715,34.6729,4.5231,6.164723632546435,953.53,1
20170712,11.831998031474773,32.8164,4.6858,6.20469368657524,967.66,1
20170713,11.832472387802783,32.8522,4.6909,6.183147654473919,968.85,1
20170714,11.836129797631722,33.1301,4.7306,6.0332660940606395,976.91,1
20170717,11.835707260759985,33.0979,4.726,6.220229464233813,975.96,0
20170718,11.840570393790935,33.4706,4.7792,6.150245114012487,986.95,1
20170719,11.843123887382227,33.6679,4.8074,6.149880215281653,992.77,1
20170720,11.842870088004231,33.6483,4.8046,6.151794129775832,992.19,0
20170721,11.843591714626196,33.7042,4.8126,6.1653399019530815,993.84,1
20170724,11.845540663843924,33.8558,4.8342,6.600377319018621,998.31,1
20170725,11.833539586473151,35.2365,4.5966,6.773318412388533,969.03,0
20170726,11.831869169210007,35.1013,4.579,6.346670753896036,965.31,0
20170727,11.826071907826766,34.6358,4.5183,6.5702977044159105,952.51,0
20170728,11.828717447694782,34.8475,4.5459,6.258587960925007,958.33,1
20170731,11.822863897161982,34.3809,4.485,6.360477725128968,945.5,0
20170801,11.823350511961703,34.4195,4.49,6.124652876781007,946.56,1
20170802,11.823845748041611,34.4587,4.4952,6.309506248087315,947.64,1
20170803,11.820468800089452,34.1918,4.4603,6.050735785904007,940.3,0
20170804,11.82299708181451,34.3915,4.4864,6.098496282903584,945.79,1
20170807,11.822978713945705,34.39,4.4862,6.160094402549572,945.75,0
20170808,11.822261760449155,34.3333,4.4788,6.177554967873963,944.19,0
20170809,11.820367177240396,34.1838,4.4593,6.14639225450165,940.08,0
20170810,11.812681586008296,33.5842,4.3811,6.432551301704441,923.59,0
20170811,11.815727338999602,33.8206,4.4119,6.208631587352157,930.09,1
20170814,11.819835579519737,34.142,4.4538,6.0609288990712,938.93,1
20170815,11.819442240821646,34.1111,4.4498,6.043945138315739,938.08,0
20170816,11.822298556101247,34.3362,4.4792,6.128806551894721,944.27,1
20170817,11.814591194531399,33.7322,4.4004,6.229347483474006,927.66,0
20170818,11.81389776255262,33.6784,4.3934,6.126262617783674,926.18,0
20170821,11.81140068878408,33.4853,4.3682,6.114358406249966,920.87,0
20170822,11.820514984433826,34.1955,4.4608,6.249222579337442,940.4,1
20170823,11.821520584486455,34.2748,4.4712,6.054790718952191,942.58,1
20170824,11.81889096746489,34.0678,4.4442,6.112121848351831,936.89,0
20170825,11.81591874144771,33.8355,4.4139,6.074565222959432,930.5,0
20170828,11.8148111746055,33.7493,4.4026,6.020939818309711,928.13,0
20170829,11.818362199767384,34.0264,4.4388,6.06392452780923,935.75,1
20170830,11.822004103557079,34.3129,4.4761,6.049350617348998,943.63,1
20170831,11.827314863921531,34.7351,4.5312,6.2287372425795215,955.24,1
20170901,11.825834750424612,34.6169,4.5158,6.018236420968239,951.99,0
20170905,11.821013462649173,34.2348,4.4659,6.164599679070751,941.48,0
20170906,11.821262487365555,34.2544,4.4685,6.14349226162855,942.02,1
20170907,11.824875679628727,34.5406,4.5058,6.0478878998142545,949.89,1
20170908,11.820981171210217,34.2322,4.4656,5.999963517731244,941.41,0
20170911,11.821847594404126,34.3006,4.4745,6.126249953149983,943.29,1
20170912,11.823391803211381,34.4227,4.4905,6.10883113358776,946.65,1
20170913,11.825127069620692,34.5606,4.5084,6.039565600053691,950.44,1
20170914,11.820265530606509,34.1758,4.4583,6.154539303005743,940.13,0
20170915,11.818148654930608,34.0097,4.4366,6.299782867311071,935.29,0
20170918,11.815568551011934,33.8082,4.4103,6.168394643142748,929.75,0
20170919,11.818877060770339,34.0668,4.444,6.094375384630822,936.86,1
20170920,11.82379991656573,34.4551,4.4947,6.30190161802633,947.54,1
20170921,11.823804499930972,34.4555,4.4947,6.136937660128637,947.55,0
20170922,11.821833782064715,34.2995,4.4744,6.03133008217462,943.26,0
20170925,11.817679416047447,33.9729,4.4318,6.272624720316752,934.28,0
20170926,11.819141211848684,34.0875,4.4467,6.2234307789223475,937.43,1
20170927,11.8294283556556,34.9046,4.5533,6.368218992021331,959.9,1
20170928,11.831644160147556,35.0831,4.5766,6.146416745523316,964.81,1
20170929,11.835636454394368,35.4071,4.6189,6.307729595579805,973.72,1
20171002,11.832839870967522,35.1798,4.5892,6.187273045969767,967.47,0
20171003,11.83490437183812,35.3474,4.6111,6.03500844838803,972.08,1
20171004,11.83253002145973,35.1547,4.586,6.024390835015903,966.78,0
20171005,11.840792884904364,35.83,4.674,6.2506507514354155,985.19,1
20171006,11.844431430136307,36.1314,4.7134,6.191180684038692,993.64,1
20171009,11.84384973195933,36.0831,4.7071,6.112426354488621,992.31,0
20171010,11.841871385806453,35.9191,4.6857,6.065729059462349,987.8,0
20171011,11.849649221920826,36.5681,4.7703,6.258876390091359,1005.65,1
20171012,11.849649221920826,36.5681,4.7703,6.184879868059,1005.65,0
20171013,11.850606882277312,36.6489,4.7809,6.12307771169072,1007.87,1
20171016,11.851244151339236,36.7027,4.7879,6.029798797317224,1009.35,1
20171017,11.851953519571925,36.7627,4.7957,6.005608587917219,1011.0,1
20171018,11.852700327545994,36.826,4.804,6.107135318868306,1012.74,1
20171019,11.848000731554498,36.4296,4.7523,6.234072384727711,1001.84,0
20171020,11.849398674050919,33.641,4.5001,6.205753923881021,1005.07,1
20171023,11.840876619614892,32.9873,4.4127,6.214656849316287,985.54,0
20171024,11.842174644138671,33.0861,4.4259,6.15990661628813,988.49,1
20171025,11.843477561463546,33.1855,4.4392,6.184325106507761,991.46,1
20171026,11.843460039697955,33.1841,4.439,6.3747186590435465,991.42,0
20171027,11.861584275994497,34.5983,4.6282,6.7146769726569735,1033.67,1
20171030,11.861357336740033,34.5802,4.6257,6.36924777873736,1033.13,0
20171031,11.861319501999041,34.5772,4.6253,6.1807788337481435,1033.04,0
20171101,11.865320084571923,34.8972,4.6681,6.335071176379547,1042.6,1
20171102,11.865474180536088,34.9096,4.6698,6.125382684304592,1042.97,1
20171103,11.868387526893242,35.1446,4.7012,6.1425336855103545,1049.99,1
20171106,11.865161766918648,34.8845,4.6664,5.961301468620615,1042.68,0
20171107,11.86937907666953,35.2249,4.712,6.115686714518273,1052.39,1
20171108,11.871807056388935,35.4224,4.7384,6.077433317099911,1058.29,1
20171109,11.86744759824845,35.0686,4.6911,6.253355211965271,1047.72,0
20171110,11.865965256797393,34.9491,4.6751,5.987723005457402,1044.15,0
20171113,11.864736523418122,34.8503,4.6619,5.973460839020494,1041.2,0
20171114,11.864920012860306,34.8651,4.6638,6.021423341402058,1041.64,1
20171115,11.862733958688253,34.69,4.6404,5.956774290461423,1036.41,0
20171116,11.867758372439079,35.0937,4.6944,6.074959719564183,1048.47,1
20171117,11.86251600459345,34.6726,4.6381,6.125679662050917,1035.89,0
20171120,11.862000023549209,34.6314,4.6326,5.942663219173347,1034.66,0
20171121,11.868515729465619,35.1549,4.7026,6.045456376692198,1050.3,1
20171122,11.86918507634649,35.2092,4.7099,5.861473473933302,1051.92,1
20171124,11.871080086673018,35.3631,4.7305,5.916648153199301,1056.52,1
